25
tetrahedron.mesh 100.0	0 0.5 	0		-40.0 10.0 -40.0	0.0 1.0 0.0 0.0
tetrahedron.mesh 100.0	0 0.5 	0		-20.0 15.0 -40.0	0.0 1.0 0.0 0.0    
tetrahedron.mesh 100.0	0 0.5 	0		0.0 20.0 -40.0		0.0 1.0 0.0 0.0
tetrahedron.mesh 100.0	0 0.5 	0		20.0 25.0 -40.0		0.0 1.0 0.0 0.0
tetrahedron.mesh 100.0	0 0.5 	0		40.0 30.0 -40.0		0.0 1.0 0.0 0.0
tetrahedron.mesh 100.0	0 0.5 	0		-40.0 25.0 -20.0	0.0 1.0 0.0 0.0
tetrahedron.mesh 100.0	0 0.5 	0		-20.0 20.0 -20.0	0.0 1.0 0.0 0.0   
tetrahedron.mesh 100.0	0 0.5 	0		0.0 15.0 -20.0		0.0 1.0 0.0 0.0
tetrahedron.mesh 100.0	0 0.5 	0		20.0 10.0 -20.0		0.0 1.0 0.0 0.0
tetrahedron.mesh 100.0	0 0.5 	0		40.0 15.0 -20.0		0.0 1.0 0.0 0.0
tetrahedron.mesh 100.0	0 0.5 	0		-40.0 20.0 0.0		0.0 1.0 0.0 0.0
tetrahedron.mesh 100.0	0 0.5 	0		-20.0 25.0 0.0		0.0 1.0 0.0 0.0  
tetrahedron.mesh 100.0	0 0.5 	0		0.0 30.0 0.0		0.0 1.0 0.0 0.0
tetrahedron.mesh 100.0	0 0.5 	0		20.0 35.0 0.0		0.0 1.0 0.0 0.0
tetrahedron.mesh 100.0	0 0.5 	0		40.0 40.0 0.0		0.0 1.0 0.0 0.0
tetrahedron.mesh 100.0	0 0.5 	0		-40.0 45.0 20.0		0.0 1.0 0.0 0.0
tetrahedron.mesh 100.0	0 0.5 	0		-20.0 50.0 20.0		0.0 1.0 0.0 0.0   
tetrahedron.mesh 100.0	0 0.5 	0		0.0 60.0 20.0		0.0 1.0 0.0 0.0 
tetrahedron.mesh 100.0	0 0.5 	0		20.0 55.0 20.0		0.0 1.0 0.0 0.0
tetrahedron.mesh 100.0	0 0.5 	0		40.0 50.0 20.0		0.0 1.0 0.0 0.0
tetrahedron.mesh 100.0	0 0.5 	0		-40.0 45.0 40.0		0.0 1.0 0.0 0.0
tetrahedron.mesh 100.0	0 0.5 	0		-20.0 40.0 40.0		0.0 1.0 0.0 0.0    
tetrahedron.mesh 100.0	0 0.5 	0		0.0 35.0 40.0		0.0 1.0 0.0 0.0
tetrahedron.mesh 100.0	0 0.5 	0		20.0 30.0 40.0		0.0 1.0 0.0 0.0
tetrahedron.mesh 100.0	0 0.5 	0		40.0 25.0 40.0		0.0 1.0 0.0 0.0